"Prod","Feat0","Feat1","Feat2","Feat3","Feat4","Feat5","Feat6","Feat7","Feat8","Feat9"
"Prod0","Prod0Feat0","Prod0Feat1","Prod0Feat2","Prod0Feat3","Prod0Feat4","Prod0Feat5","Prod0Feat6","Prod0Feat7","Prod0Feat8","Prod0Feat9"
"Prod1","Prod1Feat0","Prod1Feat1","Prod1Feat2","Prod1Feat3","Prod1Feat4","Prod1Feat5","Prod1Feat6","Prod1Feat7","Prod1Feat8","Prod1Feat9"
"Prod2","Prod2Feat0","Prod2Feat1","Prod2Feat2","Prod2Feat3","Prod2Feat4","Prod2Feat5","Prod2Feat6","Prod2Feat7","Prod2Feat8","Prod2Feat9"
